34 2
0 -0.7909656167030334 -0.2989213764667511
1 -0.5985631942749023 -0.30098235607147217
2 -0.40038466453552246 -0.5377024412155151
3 -0.5389554500579834 -0.39438751339912415
4 -0.7880662679672241 -0.21605762839317322
5 -0.9188913106918335 -0.10917917639017105
6 -0.8755252361297607 -0.1588396281003952
7 -0.6456151008605957 -0.290271520614624
8 -0.4358295798301697 -0.46252429485321045
9 -0.26635318994522095 -0.5782042741775513
10 -0.9912754893302917 -0.45714056491851807
11 -0.9203091263771057 -0.5024347305297852
12 -1.0229511260986328 -0.40295130014419556
13 -0.8888848423957825 -0.5365994572639465
14 -0.33184054493904114 -0.9799924492835999
15 -0.43049412965774536 -0.9216452836990356
16 -1.0925428867340088 -0.3544098138809204
17 -0.8843913078308105 -0.5156680345535278
18 -0.37807488441467285 -0.9901111125946045
19 -0.5586368441581726 -0.7908328771591187
20 -0.35421332716941833 -0.8776775002479553
21 -0.7818900346755981 -0.5985463261604309
22 -0.35023748874664307 -0.9785934686660767
23 -0.4101583957672119 -0.94725501537323
24 -0.5328809022903442 -0.8276258707046509
25 -0.14120060205459595 -1.1935310363769531
26 -0.252789705991745 -1.0070887804031372
27 -0.5230649709701538 -0.7899912595748901
28 -0.34821945428848267 -1.0367318391799927
29 -0.20555993914604187 -1.0745607614517212
30 -0.5284971594810486 -0.7502481937408447
31 -0.40221142768859863 -0.9352074861526489
32 -0.1882525086402893 -1.1619420051574707
33 -0.22588969767093658 -1.1908690929412842
