34 4
0 -0.029453243779985074 0.061877528939054065 -0.029453243779985025 0.06187752893905407
1 -0.08703126842427636 0.09705528291852186 -0.08703126842427637 0.09705528291852185
2 -0.01751750812713663 0.014577959654100229 -0.0175175081271366 0.014577959654100234
3 -0.03021840557162983 0.021051294338334716 -0.030218405571629824 0.02105129433833473
4 -0.028919474809212628 0.023308173920222046 -0.02891947480921262 0.023308173920222063
5 -0.02879097150738485 0.08581091971337586 -0.028790971507384903 0.0858109197133759
6 0.009255886250863446 0.054554314917095094 0.00925588625086346 0.054554314917095136
7 0.07529089578897173 0.08128005886656657 0.07529089578897175 0.08128005886656661
8 0.03256839296299241 0.02708732863975581 0.032568392962992423 0.02708732863975582
9 0.020415655175996673 0.03788880776125949 0.020415655175996694 0.037888807761259496
10 -0.06037777615135935 0.07191271185753266 -0.0603777761513593 0.07191271185753265
11 -0.05664776152352327 0.05812290853058104 -0.05664776152352327 0.05812290853058097
12 -0.03288276194023476 0.022046048781828826 -0.032882761940234755 0.02204604878182883
13 0.08651685275253432 0.09905850750469174 0.08651685275253418 0.09905850750469165
14 0.03256839296299238 0.02708732863975581 0.032568392962992423 0.02708732863975582
15 0.04826131906767234 0.03620620459075496 0.048261319067672365 0.036206204590754965
16 0.0247245205866366 0.051787251167204756 0.024724520586636618 0.05178725116720479
17 0.016595478962031382 0.03554645770565765 0.016595478962031455 0.03554645770565767
18 0.01793297848338772 0.01619589772177883 0.017932978483387735 0.016195897721778825
19 0.013532532939432964 0.01564635970646262 0.013532532939432927 0.015646359706462623
20 0.05083837332957684 0.040393374027101706 0.050838373329576844 0.04039337402710174
21 0.02457543715380283 0.03618519181077789 0.0245754371538029 0.03618519181077791
22 0.02712792497417531 0.02031711676330185 0.027127924974175325 0.020317116763301876
23 -0.04686721118120071 0.046998679664964814 -0.04686721118120071 0.04699867966496481
24 0.011618968816223225 0.02776787589732838 0.011618968816223313 0.02776787589732838
25 0.0325683929629924 0.0270873286397558 0.032568392962992423 0.02708732863975582
26 -0.02967024591413231 0.02537943877560391 -0.02967024591413233 0.025379438775603926
27 -0.012256278512916672 0.04025828804969321 -0.01225627851291664 0.04025828804969323
28 -0.029670245914132323 0.025379438775603908 -0.02967024591413233 0.025379438775603926
29 -0.03288276194023472 0.02204604878182882 -0.03288276194023476 0.02204604878182883
30 -0.03021840557162981 0.02105129433833471 -0.030218405571629817 0.02105129433833473
31 -0.013237174637571613 0.006622749427120429 -0.013237174637571633 0.006622749427120435
32 0.03256839296299235 0.027087328639755798 0.032568392962992423 0.02708732863975582
33 0.032568392962992375 0.02708732863975582 0.032568392962992423 0.02708732863975582
