34 2
0 -0.047596251655186016 0.20543960259452157
1 -0.17803078649686535 0.0976360296132121
2 -0.18349867107710197 0.1070289364439003
3 -0.2694518607707963 -0.1888150794494918
4 -0.15053809979834804 0.2235374295754228
5 -0.0004743225187844338 0.18060087632545901
6 0.04290812622591869 0.042697321581243626
7 0.17339663021510382 -0.0750920508814393
8 0.1775089644049045 -0.07546947625279343
9 0.08786781165222593 0.0643125838812298
10 -0.09046258816444945 0.28995258796725404
11 -0.10840427972544865 0.2878969967514342
12 -0.29640033761445145 -0.30032556345738964
13 0.16656602592259054 -0.05382754234139862
14 0.17750896440490424 -0.07546947625279353
15 0.19289248861160008 -0.11083115103965538
16 0.10325314068115289 -0.05307325899462937
17 0.09537000072161601 0.026962968350842862
18 0.15158864026634322 -0.10337232177534776
19 0.1388627590960749 -0.08068912048284409
20 0.18102909650477755 -0.10440062822900358
21 0.13232024256929875 -0.02522105720803771
22 0.188359340090744 -0.09858560059982459
23 -0.10299150532061309 0.2655016420111446
24 0.08653927138961892 0.0727219897030433
25 0.17750896440490424 -0.07546947625279371
26 -0.14102286635480496 0.22310884585853744
27 -0.03697947310848641 0.13180497592566479
28 -0.14102286635480585 0.22310884585853769
29 -0.29640033761445106 -0.30032556345739003
30 -0.2694518607707969 -0.18881507944949055
31 -0.3157722886261982 -0.38159023381153717
32 0.17750896440490527 -0.07546947625279367
33 0.17750896440490435 -0.07546947625279353
