34 2
0 1.1875637769699097 0.2426099330186844
1 1.259946584701538 0.052767932415008545
2 1.2063637971878052 -0.034058891236782074
3 1.2861968278884888 -0.01167619414627552
4 1.0615333318710327 0.646605908870697
5 1.1248042583465576 0.43346554040908813
6 1.0980916023254395 0.48315858840942383
7 1.2468963861465454 -0.067530058324337
8 1.2157371044158936 0.15298201143741608
9 1.1736657619476318 0.12800408899784088
10 1.112065076828003 0.39587509632110596
11 1.107149600982666 0.40726226568222046
12 1.0450626611709595 0.3510465919971466
13 1.2283358573913574 -0.08213113993406296
14 1.1326054334640503 0.36014312505722046
15 1.158586025238037 0.2231331318616867
16 1.0368825197219849 0.7583139538764954
17 1.121394157409668 0.40332967042922974
18 1.172784447669983 0.3750046193599701
19 1.1644954681396484 0.2700856328010559
20 1.183104395866394 0.12127760797739029
21 1.1793508529663086 0.013967993669211864
22 1.2195277214050293 0.03088133968412876
23 1.1229802370071411 0.5132336616516113
24 1.0920532941818237 0.44316092133522034
25 1.1400401592254639 0.4662392735481262
26 1.229685664176941 0.053948696702718735
27 1.187623381614685 0.06699669361114502
28 1.1954598426818848 0.14295677840709686
29 1.2086156606674194 0.25354793667793274
30 1.1968196630477905 0.2609449326992035
31 1.1384150981903076 0.29477205872535706
32 1.141482949256897 0.33462652564048767
33 1.1454683542251587 0.27231934666633606
