34 2
0 -2.3533997535705566 -0.30076807737350464
1 -2.1217432022094727 -0.06389090418815613
2 -2.3169679641723633 -0.3679286241531372
3 -2.0169289112091064 -0.051530614495277405
4 -1.7777429819107056 0.0012890349607914686
5 -2.397737741470337 -0.35312750935554504
6 -2.1821584701538086 -0.08574660122394562
7 -2.1308541297912598 -0.13269752264022827
8 -1.879807949066162 -0.28077375888824463
9 -1.5172053575515747 -0.328885555267334
10 -1.9773478507995605 -0.26263588666915894
11 -1.264955997467041 0.030969735234975815
12 -1.8595733642578125 -0.20361708104610443
13 -1.8348398208618164 -0.43356800079345703
14 -1.3507914543151855 -0.253571480512619
15 -1.5459479093551636 -0.30504485964775085
16 -2.1149020195007324 -0.41749808192253113
17 -1.6636284589767456 -0.005265249405056238
18 -1.8689295053482056 -0.462578147649765
19 -1.668815016746521 -0.03132479265332222
20 -1.6346899271011353 0.020542491227388382
21 -1.7690589427947998 -0.1625606268644333
22 -1.6397316455841064 -0.12973538041114807
23 -2.072469472885132 -0.155220165848732
24 -1.8817110061645508 -0.15897895395755768
25 -1.6945303678512573 -0.14156769216060638
26 -1.6052650213241577 -0.25887495279312134
27 -1.8202369213104248 -0.4302677512168884
28 -1.7024271488189697 -0.21873721480369568
29 -1.973496437072754 -0.5101863741874695
30 -1.5868765115737915 -0.3313630521297455
31 -2.2458717823028564 -0.48712462186813354
32 -2.2043051719665527 -0.2856515049934387
33 -2.6200904846191406 -0.2440055012702942
