34 2
0 -0.6712384223937988 0.03444184362888336
1 -0.6815751194953918 0.025573264807462692
2 -0.5987693071365356 -0.26615434885025024
3 -0.7611891627311707 0.2478087842464447
4 -0.7963603734970093 0.266184002161026
5 -0.7906280755996704 0.23547540605068207
6 -0.746924877166748 0.18491843342781067
7 -0.6516683101654053 -0.03482520580291748
8 -0.597112238407135 -0.19294330477714539
9 -0.5181126594543457 -0.38844242691993713
10 -1.0201692581176758 0.11976268142461777
11 -1.0121238231658936 -0.09341393411159515
12 -0.995585560798645 0.07699117064476013
13 -1.0317866802215576 -0.014315571635961533
14 -0.8273732662200928 -0.49584531784057617
15 -0.8262051343917847 -0.5845900177955627
16 -1.0330461263656616 0.19734425842761993
17 -1.0263023376464844 0.03373204916715622
18 -0.9203302264213562 -0.3285294473171234
19 -0.9323585629463196 -0.23568865656852722
20 -0.9201969504356384 -0.2975620627403259
21 -0.9964065551757812 -0.08270074427127838
22 -0.8098627924919128 -0.6473740935325623
23 -0.7872579097747803 -0.6363890171051025
24 -0.7781151533126831 -0.6786239147186279
25 -0.7293565273284912 -0.8766736388206482
26 -0.8164398074150085 -0.4776510000228882
27 -0.762180507183075 -0.6885839104652405
28 -0.7772834897041321 -0.5776189565658569
29 -0.7638764381408691 -0.7012332677841187
30 -0.8562420606613159 -0.3845043182373047
31 -0.7421081066131592 -0.6797314882278442
32 -0.875795841217041 -0.4058517813682556
33 -0.7858327031135559 -0.7332298159599304
