34 79
0 31.0 28.0 2.0 13.0 0.0 12.0 3.0 0.0 7.0 1.0 7.0 0.0 2.0 0.0 10.0 4.0 10.0 0.0 8.0 32.0 20.0 32.0 31.0 0.0 19.0 1.0 21.0 0.0 6.0 4.0 0.0 7.0 3.0 1.0 13.0 2.0 3.0 7.0 2.0 0.0 10.0 4.0 0.0 6.0 16.0 5.0 10.0 0.0 21.0 1.0 17.0 1.0 0.0 7.0 0.0 21.0 1.0 17.0 0.0 12.0 3.0 7.0 2.0 7.0 2.0 7.0 3.0 1.0 21.0 1.0 2.0 8.0 32.0 22.0 32.0 33.0 8.0 33.0 13.0
1 2.0 0.0 2.0 32.0 8.0 33.0 20.0 32.0 20.0 32.0 30.0 1.0 7.0 1.0 7.0 0.0 13.0 0.0 17.0 1.0 7.0 0.0 19.0 1.0 2.0 32.0 2.0 28.0 33.0 18.0 33.0 13.0 0.0 17.0 1.0 2.0 3.0 2.0 7.0 3.0 7.0 2.0 8.0 32.0 29.0 26.0 29.0 26.0 33.0 28.0 33.0 29.0 26.0 33.0 22.0 33.0 28.0 33.0 13.0 1.0 19.0 33.0 15.0 33.0 13.0 2.0 27.0 2.0 28.0 2.0 9.0 33.0 9.0 2.0 7.0 3.0 0.0 6.0 4.0
2 7.0 0.0 11.0 0.0 7.0 0.0 6.0 4.0 6.0 5.0 0.0 12.0 3.0 7.0 3.0 12.0 0.0 3.0 2.0 27.0 2.0 13.0 0.0 12.0 3.0 12.0 0.0 2.0 27.0 2.0 3.0 2.0 3.0 12.0 0.0 12.0 0.0 31.0 25.0 24.0 25.0 23.0 27.0 33.0 22.0 32.0 22.0 33.0 23.0 33.0 27.0 2.0 9.0 2.0 0.0 8.0 0.0 6.0 16.0 6.0 5.0 10.0 0.0 21.0 1.0 3.0 7.0 1.0 2.0 7.0 2.0 13.0 1.0 7.0 0.0 8.0 33.0 27.0 33.0
3 12.0 3.0 2.0 3.0 13.0 1.0 19.0 33.0 27.0 24.0 27.0 33.0 13.0 3.0 13.0 0.0 21.0 1.0 0.0 5.0 10.0 4.0 6.0 16.0 6.0 5.0 10.0 5.0 0.0 2.0 9.0 33.0 13.0 2.0 32.0 29.0 23.0 29.0 23.0 33.0 8.0 33.0 20.0 33.0 14.0 32.0 30.0 33.0 9.0 33.0 26.0 33.0 18.0 33.0 19.0 1.0 0.0 19.0 0.0 13.0 3.0 12.0 3.0 13.0 33.0 31.0 33.0 13.0 1.0 0.0 4.0 6.0 16.0 6.0 4.0 10.0 0.0 17.0 0.0
4 6.0 5.0 6.0 0.0 4.0 10.0 0.0 1.0 13.0 1.0 7.0 0.0 2.0 7.0 1.0 3.0 1.0 19.0 33.0 27.0 23.0 25.0 31.0 24.0 31.0 25.0 31.0 28.0 2.0 1.0 13.0 0.0 5.0 16.0 6.0 16.0 6.0 0.0 1.0 19.0 1.0 2.0 28.0 33.0 15.0 33.0 27.0 33.0 18.0 33.0 31.0 24.0 27.0 2.0 8.0 0.0 17.0 1.0 19.0 0.0 7.0 1.0 0.0 13.0 33.0 15.0 32.0 14.0 32.0 2.0 13.0 0.0 17.0 1.0 19.0 33.0 30.0 32.0 23.0
5 6.0 0.0 13.0 3.0 7.0 1.0 19.0 33.0 13.0 0.0 11.0 0.0 31.0 28.0 2.0 1.0 7.0 1.0 13.0 0.0 21.0 1.0 30.0 33.0 28.0 33.0 8.0 32.0 23.0 27.0 24.0 25.0 24.0 31.0 0.0 11.0 0.0 2.0 13.0 1.0 17.0 0.0 17.0 0.0 1.0 0.0 17.0 0.0 1.0 17.0 1.0 13.0 0.0 17.0 0.0 19.0 1.0 13.0 33.0 23.0 25.0 24.0 25.0 24.0 27.0 24.0 27.0 2.0 8.0 0.0 6.0 0.0 8.0 2.0 1.0 30.0 32.0 23.0 33.0
6 5.0 0.0 17.0 1.0 2.0 32.0 15.0 33.0 9.0 2.0 0.0 3.0 7.0 0.0 12.0 3.0 2.0 9.0 2.0 0.0 5.0 10.0 4.0 10.0 0.0 21.0 0.0 5.0 6.0 0.0 4.0 6.0 5.0 16.0 5.0 6.0 0.0 11.0 0.0 19.0 33.0 31.0 25.0 23.0 33.0 23.0 25.0 31.0 28.0 33.0 29.0 23.0 27.0 24.0 25.0 31.0 28.0 33.0 8.0 32.0 31.0 32.0 8.0 2.0 1.0 7.0 2.0 7.0 0.0 19.0 0.0 17.0 0.0 1.0 19.0 1.0 7.0 2.0 28.0
7 0.0 1.0 13.0 33.0 32.0 30.0 33.0 27.0 23.0 29.0 26.0 29.0 23.0 25.0 23.0 32.0 22.0 33.0 18.0 33.0 23.0 29.0 23.0 29.0 23.0 33.0 27.0 23.0 29.0 26.0 29.0 32.0 22.0 33.0 26.0 29.0 26.0 33.0 14.0 33.0 27.0 24.0 27.0 24.0 27.0 33.0 14.0 33.0 13.0 1.0 30.0 32.0 2.0 7.0 3.0 1.0 21.0 0.0 1.0 13.0 2.0 3.0 13.0 33.0 32.0 22.0 33.0 15.0 32.0 22.0 33.0 32.0 15.0 33.0 14.0 32.0 18.0 32.0 14.0
8 2.0 8.0 0.0 8.0 0.0 8.0 0.0 1.0 2.0 13.0 2.0 1.0 19.0 1.0 13.0 2.0 3.0 1.0 2.0 28.0 2.0 28.0 33.0 20.0 33.0 13.0 2.0 13.0 0.0 21.0 1.0 17.0 0.0 2.0 32.0 15.0 33.0 30.0 33.0 22.0 33.0 26.0 33.0 32.0 18.0 32.0 23.0 29.0 26.0 33.0 18.0 33.0 18.0 32.0 33.0 20.0 33.0 8.0 33.0 31.0 0.0 13.0 33.0 19.0 33.0 8.0 33.0 29.0 26.0 33.0 14.0 32.0 31.0 25.0 31.0 32.0 23.0 32.0 20.0
9 2.0 27.0 23.0 27.0 33.0 19.0 0.0 3.0 1.0 19.0 33.0 27.0 24.0 27.0 24.0 25.0 24.0 25.0 23.0 25.0 24.0 31.0 25.0 24.0 25.0 24.0 25.0 31.0 33.0 31.0 24.0 27.0 23.0 27.0 2.0 8.0 0.0 21.0 0.0 11.0 0.0 5.0 16.0 5.0 0.0 4.0 10.0 0.0 21.0 0.0 10.0 4.0 6.0 0.0 2.0 27.0 23.0 32.0 31.0 28.0 31.0 0.0 17.0 0.0 12.0 0.0 17.0 1.0 3.0 12.0 3.0 1.0 0.0 21.0 0.0 31.0 33.0 22.0 32.0
10 4.0 0.0 12.0 3.0 0.0 1.0 7.0 3.0 12.0 0.0 10.0 0.0 7.0 3.0 0.0 31.0 25.0 23.0 29.0 33.0 30.0 1.0 7.0 2.0 28.0 31.0 32.0 20.0 32.0 23.0 29.0 26.0 33.0 13.0 3.0 13.0 3.0 0.0 7.0 2.0 9.0 33.0 28.0 2.0 3.0 1.0 3.0 2.0 32.0 18.0 32.0 8.0 2.0 13.0 1.0 3.0 12.0 3.0 1.0 3.0 12.0 0.0 4.0 0.0 11.0 0.0 10.0 0.0 19.0 33.0 29.0 23.0 33.0 8.0 32.0 23.0 32.0 23.0 25.0
11 0.0 5.0 0.0 19.0 33.0 8.0 33.0 30.0 33.0 28.0 2.0 28.0 31.0 28.0 2.0 7.0 1.0 2.0 1.0 7.0 3.0 1.0 7.0 1.0 19.0 1.0 17.0 1.0 21.0 0.0 12.0 3.0 2.0 28.0 2.0 8.0 32.0 23.0 27.0 2.0 3.0 12.0 0.0 31.0 0.0 4.0 10.0 5.0 10.0 4.0 0.0 21.0 1.0 21.0 0.0 10.0 4.0 0.0 17.0 1.0 30.0 33.0 23.0 25.0 24.0 27.0 33.0 27.0 2.0 9.0 2.0 1.0 17.0 0.0 17.0 1.0 0.0 7.0 0.0
12 0.0 3.0 1.0 17.0 1.0 21.0 0.0 8.0 2.0 28.0 31.0 32.0 14.0 33.0 14.0 32.0 20.0 33.0 28.0 33.0 18.0 33.0 29.0 32.0 20.0 33.0 14.0 33.0 13.0 0.0 6.0 16.0 6.0 0.0 5.0 6.0 4.0 0.0 12.0 0.0 10.0 0.0 2.0 0.0 3.0 0.0 3.0 13.0 33.0 19.0 1.0 3.0 13.0 0.0 6.0 4.0 6.0 5.0 0.0 10.0 5.0 6.0 4.0 0.0 7.0 3.0 12.0 0.0 12.0 0.0 5.0 0.0 5.0 16.0 5.0 16.0 6.0 4.0 6.0
13 33.0 28.0 2.0 13.0 33.0 29.0 23.0 33.0 27.0 2.0 3.0 12.0 0.0 12.0 3.0 12.0 3.0 7.0 3.0 2.0 9.0 2.0 3.0 2.0 8.0 2.0 28.0 33.0 27.0 23.0 32.0 23.0 32.0 14.0 33.0 26.0 33.0 8.0 32.0 8.0 32.0 29.0 26.0 33.0 23.0 33.0 29.0 26.0 29.0 33.0 14.0 33.0 19.0 0.0 5.0 6.0 0.0 13.0 33.0 14.0 32.0 2.0 3.0 12.0 3.0 2.0 7.0 0.0 21.0 0.0 2.0 3.0 13.0 33.0 20.0 33.0 8.0 33.0 8.0
14 32.0 14.0 33.0 26.0 33.0 27.0 2.0 13.0 1.0 30.0 1.0 13.0 3.0 12.0 0.0 1.0 17.0 1.0 17.0 1.0 21.0 1.0 2.0 9.0 2.0 13.0 33.0 30.0 33.0 19.0 0.0 13.0 2.0 27.0 33.0 13.0 1.0 19.0 33.0 28.0 33.0 32.0 23.0 27.0 23.0 27.0 33.0 26.0 29.0 32.0 31.0 25.0 23.0 29.0 33.0 31.0 32.0 31.0 32.0 33.0 15.0 33.0 32.0 29.0 23.0 25.0 24.0 31.0 25.0 23.0 27.0 33.0 29.0 32.0 30.0 33.0 13.0 0.0 3.0
15 33.0 13.0 1.0 0.0 12.0 3.0 12.0 0.0 6.0 0.0 17.0 1.0 13.0 3.0 2.0 7.0 2.0 1.0 7.0 1.0 17.0 0.0 3.0 1.0 19.0 33.0 26.0 29.0 26.0 29.0 23.0 29.0 32.0 30.0 1.0 17.0 0.0 7.0 3.0 7.0 0.0 4.0 10.0 0.0 11.0 0.0 1.0 30.0 33.0 26.0 29.0 33.0 32.0 8.0 0.0 13.0 2.0 9.0 2.0 3.0 2.0 28.0 33.0 9.0 2.0 32.0 29.0 26.0 29.0 33.0 14.0 33.0 23.0 27.0 33.0 9.0 33.0 14.0 32.0
16 5.0 6.0 0.0 2.0 13.0 3.0 0.0 4.0 0.0 4.0 6.0 0.0 17.0 1.0 2.0 28.0 33.0 30.0 32.0 22.0 33.0 15.0 33.0 26.0 29.0 32.0 31.0 33.0 14.0 33.0 29.0 33.0 31.0 33.0 29.0 26.0 29.0 33.0 28.0 33.0 32.0 2.0 3.0 13.0 0.0 11.0 0.0 31.0 25.0 23.0 27.0 23.0 33.0 14.0 32.0 31.0 28.0 33.0 27.0 24.0 31.0 33.0 9.0 33.0 19.0 0.0 19.0 1.0 30.0 1.0 3.0 1.0 3.0 1.0 0.0 3.0 1.0 0.0 7.0
17 0.0 11.0 0.0 17.0 0.0 3.0 13.0 0.0 13.0 3.0 1.0 19.0 33.0 28.0 31.0 25.0 24.0 31.0 33.0 14.0 33.0 30.0 1.0 7.0 1.0 7.0 1.0 13.0 3.0 12.0 0.0 3.0 13.0 0.0 17.0 1.0 13.0 1.0 30.0 32.0 8.0 32.0 31.0 25.0 23.0 32.0 20.0 33.0 9.0 33.0 30.0 33.0 22.0 33.0 15.0 33.0 8.0 32.0 20.0 32.0 23.0 29.0 32.0 22.0 32.0 29.0 23.0 25.0 23.0 33.0 8.0 2.0 7.0 2.0 1.0 19.0 0.0 10.0 4.0
18 33.0 20.0 32.0 18.0 33.0 13.0 3.0 1.0 2.0 0.0 1.0 17.0 1.0 19.0 0.0 17.0 1.0 17.0 1.0 13.0 0.0 12.0 0.0 7.0 1.0 21.0 0.0 31.0 24.0 25.0 24.0 27.0 33.0 8.0 0.0 12.0 0.0 13.0 0.0 7.0 3.0 2.0 0.0 13.0 2.0 9.0 33.0 30.0 32.0 29.0 32.0 20.0 32.0 14.0 32.0 20.0 32.0 33.0 26.0 33.0 20.0 32.0 23.0 29.0 32.0 14.0 32.0 2.0 0.0 2.0 27.0 24.0 27.0 2.0 0.0 31.0 28.0 33.0 23.0
19 0.0 7.0 1.0 19.0 1.0 30.0 33.0 29.0 23.0 25.0 23.0 29.0 23.0 25.0 23.0 29.0 33.0 27.0 2.0 27.0 33.0 26.0 33.0 23.0 29.0 32.0 33.0 32.0 30.0 33.0 32.0 33.0 22.0 32.0 14.0 32.0 33.0 31.0 25.0 24.0 25.0 24.0 31.0 28.0 33.0 31.0 33.0 23.0 27.0 23.0 33.0 18.0 32.0 33.0 32.0 31.0 24.0 25.0 23.0 25.0 23.0 33.0 20.0 33.0 32.0 8.0 32.0 18.0 32.0 2.0 3.0 0.0 11.0 0.0 5.0 6.0 5.0 16.0 5.0
20 32.0 23.0 27.0 23.0 32.0 8.0 0.0 11.0 0.0 13.0 1.0 21.0 0.0 2.0 32.0 31.0 32.0 23.0 29.0 26.0 29.0 26.0 33.0 18.0 33.0 27.0 24.0 25.0 23.0 27.0 23.0 32.0 29.0 26.0 29.0 32.0 18.0 33.0 28.0 33.0 32.0 22.0 32.0 22.0 33.0 28.0 31.0 24.0 27.0 23.0 25.0 23.0 25.0 23.0 33.0 26.0 29.0 26.0 33.0 27.0 33.0 8.0 2.0 0.0 10.0 5.0 0.0 31.0 0.0 10.0 5.0 10.0 0.0 10.0 4.0 0.0 13.0 0.0 2.0
21 0.0 11.0 0.0 3.0 0.0 2.0 28.0 33.0 29.0 32.0 14.0 32.0 8.0 0.0 12.0 3.0 7.0 0.0 12.0 0.0 17.0 0.0 21.0 0.0 2.0 27.0 23.0 27.0 2.0 8.0 0.0 3.0 2.0 7.0 2.0 27.0 33.0 32.0 22.0 33.0 14.0 33.0 32.0 30.0 33.0 29.0 26.0 29.0 23.0 33.0 19.0 1.0 3.0 7.0 0.0 12.0 3.0 2.0 32.0 30.0 1.0 0.0 6.0 5.0 0.0 17.0 1.0 19.0 33.0 27.0 33.0 15.0 32.0 29.0 33.0 8.0 2.0 9.0 33.0
22 33.0 26.0 29.0 32.0 31.0 25.0 23.0 25.0 31.0 32.0 30.0 33.0 27.0 33.0 23.0 32.0 33.0 32.0 18.0 33.0 27.0 33.0 27.0 24.0 25.0 31.0 32.0 30.0 33.0 19.0 0.0 2.0 13.0 2.0 9.0 33.0 30.0 32.0 23.0 27.0 2.0 28.0 33.0 19.0 1.0 13.0 33.0 31.0 28.0 31.0 28.0 33.0 18.0 33.0 32.0 2.0 8.0 0.0 3.0 1.0 17.0 1.0 7.0 3.0 7.0 1.0 0.0 17.0 0.0 2.0 0.0 7.0 0.0 17.0 1.0 7.0 3.0 2.0 32.0
23 27.0 33.0 8.0 33.0 9.0 2.0 13.0 0.0 3.0 13.0 3.0 7.0 0.0 10.0 5.0 16.0 6.0 5.0 0.0 5.0 10.0 0.0 5.0 10.0 4.0 0.0 12.0 0.0 4.0 10.0 0.0 1.0 0.0 13.0 3.0 0.0 19.0 1.0 19.0 0.0 3.0 1.0 7.0 0.0 3.0 1.0 7.0 3.0 12.0 3.0 13.0 3.0 7.0 1.0 19.0 33.0 28.0 31.0 0.0 1.0 0.0 17.0 0.0 3.0 13.0 33.0 28.0 33.0 8.0 32.0 30.0 32.0 31.0 25.0 23.0 25.0 24.0 31.0 32.0
24 25.0 23.0 29.0 26.0 29.0 26.0 33.0 27.0 23.0 33.0 27.0 33.0 20.0 33.0 18.0 32.0 20.0 32.0 22.0 33.0 28.0 31.0 28.0 31.0 24.0 31.0 25.0 31.0 25.0 24.0 25.0 31.0 25.0 23.0 27.0 24.0 27.0 33.0 18.0 33.0 8.0 32.0 8.0 2.0 32.0 20.0 33.0 13.0 33.0 31.0 28.0 2.0 3.0 1.0 17.0 1.0 21.0 1.0 2.0 3.0 12.0 0.0 3.0 13.0 33.0 22.0 33.0 19.0 1.0 19.0 1.0 7.0 3.0 1.0 30.0 1.0 3.0 0.0 2.0
25 24.0 27.0 23.0 33.0 23.0 29.0 23.0 33.0 26.0 29.0 32.0 2.0 32.0 14.0 33.0 18.0 33.0 14.0 33.0 32.0 33.0 8.0 33.0 27.0 2.0 3.0 2.0 13.0 33.0 28.0 33.0 27.0 24.0 25.0 31.0 0.0 19.0 33.0 29.0 26.0 29.0 26.0 29.0 23.0 29.0 23.0 29.0 23.0 29.0 33.0 26.0 33.0 18.0 32.0 18.0 32.0 14.0 32.0 15.0 32.0 2.0 1.0 3.0 12.0 0.0 19.0 0.0 1.0 2.0 1.0 2.0 28.0 31.0 28.0 33.0 8.0 2.0 13.0 0.0
26 33.0 18.0 32.0 15.0 33.0 8.0 33.0 23.0 25.0 24.0 25.0 31.0 28.0 31.0 33.0 29.0 32.0 23.0 32.0 30.0 1.0 30.0 32.0 2.0 9.0 2.0 9.0 33.0 15.0 32.0 22.0 32.0 29.0 32.0 14.0 32.0 18.0 33.0 29.0 23.0 29.0 33.0 18.0 32.0 22.0 33.0 32.0 22.0 33.0 29.0 33.0 9.0 2.0 0.0 7.0 3.0 1.0 19.0 1.0 30.0 1.0 17.0 1.0 2.0 7.0 3.0 2.0 8.0 32.0 31.0 25.0 24.0 25.0 24.0 25.0 31.0 32.0 31.0 32.0
27 33.0 30.0 32.0 30.0 32.0 8.0 2.0 8.0 0.0 11.0 0.0 6.0 5.0 6.0 5.0 6.0 0.0 21.0 1.0 13.0 1.0 19.0 0.0 11.0 0.0 8.0 2.0 8.0 32.0 15.0 32.0 20.0 33.0 22.0 32.0 31.0 33.0 31.0 33.0 13.0 2.0 8.0 32.0 14.0 32.0 29.0 32.0 22.0 33.0 23.0 33.0 19.0 1.0 21.0 1.0 19.0 33.0 23.0 27.0 23.0 25.0 24.0 25.0 24.0 31.0 24.0 27.0 23.0 25.0 31.0 33.0 14.0 32.0 22.0 32.0 15.0 33.0 30.0 32.0
28 31.0 0.0 3.0 1.0 17.0 0.0 19.0 0.0 6.0 16.0 6.0 16.0 5.0 6.0 5.0 10.0 4.0 6.0 0.0 4.0 10.0 0.0 13.0 33.0 32.0 15.0 32.0 31.0 33.0 32.0 33.0 32.0 30.0 33.0 30.0 33.0 20.0 32.0 18.0 32.0 30.0 1.0 30.0 33.0 8.0 33.0 9.0 2.0 28.0 33.0 30.0 1.0 3.0 2.0 0.0 1.0 7.0 3.0 7.0 2.0 27.0 33.0 15.0 33.0 27.0 2.0 0.0 19.0 0.0 11.0 0.0 4.0 6.0 4.0 6.0 0.0 11.0 0.0 4.0
29 32.0 31.0 0.0 2.0 13.0 2.0 28.0 2.0 8.0 2.0 13.0 33.0 26.0 33.0 19.0 33.0 26.0 33.0 29.0 33.0 27.0 2.0 28.0 31.0 24.0 31.0 32.0 20.0 33.0 15.0 33.0 28.0 33.0 29.0 23.0 27.0 2.0 9.0 33.0 14.0 33.0 31.0 25.0 31.0 32.0 30.0 33.0 22.0 32.0 20.0 32.0 8.0 0.0 2.0 7.0 3.0 12.0 0.0 12.0 3.0 1.0 19.0 1.0 0.0 21.0 1.0 17.0 0.0 6.0 4.0 6.0 16.0 5.0 10.0 0.0 12.0 3.0 7.0 1.0
30 1.0 2.0 32.0 30.0 33.0 23.0 29.0 26.0 29.0 32.0 18.0 32.0 23.0 29.0 26.0 33.0 29.0 26.0 33.0 28.0 31.0 0.0 31.0 28.0 31.0 0.0 17.0 0.0 19.0 33.0 18.0 33.0 8.0 33.0 13.0 3.0 13.0 0.0 4.0 0.0 10.0 0.0 10.0 5.0 0.0 10.0 5.0 16.0 5.0 0.0 1.0 30.0 33.0 31.0 24.0 31.0 24.0 31.0 25.0 24.0 27.0 23.0 25.0 31.0 24.0 31.0 33.0 23.0 27.0 2.0 0.0 5.0 10.0 0.0 1.0 19.0 1.0 2.0 0.0
31 0.0 21.0 1.0 21.0 1.0 0.0 2.0 3.0 1.0 21.0 1.0 7.0 0.0 31.0 33.0 27.0 33.0 20.0 33.0 14.0 33.0 32.0 23.0 32.0 29.0 32.0 20.0 33.0 22.0 33.0 22.0 32.0 14.0 33.0 30.0 33.0 27.0 23.0 29.0 26.0 33.0 27.0 23.0 25.0 24.0 27.0 2.0 3.0 12.0 3.0 7.0 1.0 17.0 0.0 17.0 1.0 7.0 1.0 17.0 0.0 10.0 4.0 6.0 16.0 5.0 0.0 4.0 0.0 6.0 4.0 10.0 4.0 10.0 4.0 10.0 5.0 16.0 5.0 10.0
32 14.0 33.0 29.0 23.0 25.0 23.0 27.0 2.0 0.0 6.0 4.0 10.0 5.0 0.0 21.0 0.0 17.0 1.0 3.0 13.0 0.0 21.0 0.0 3.0 13.0 1.0 3.0 12.0 0.0 7.0 2.0 7.0 1.0 17.0 0.0 17.0 1.0 7.0 0.0 17.0 0.0 5.0 10.0 5.0 10.0 5.0 6.0 0.0 7.0 3.0 13.0 1.0 21.0 0.0 3.0 13.0 0.0 10.0 0.0 11.0 0.0 5.0 0.0 31.0 32.0 2.0 1.0 30.0 1.0 30.0 32.0 15.0 33.0 22.0 32.0 22.0 33.0 8.0 32.0
33 30.0 32.0 31.0 25.0 31.0 33.0 20.0 33.0 28.0 2.0 9.0 33.0 31.0 32.0 20.0 32.0 15.0 32.0 2.0 28.0 31.0 32.0 2.0 32.0 23.0 29.0 23.0 33.0 23.0 25.0 31.0 25.0 31.0 28.0 33.0 9.0 33.0 26.0 29.0 33.0 9.0 33.0 18.0 32.0 18.0 33.0 31.0 28.0 2.0 13.0 1.0 21.0 1.0 3.0 0.0 2.0 28.0 31.0 28.0 31.0 28.0 33.0 8.0 2.0 0.0 13.0 2.0 28.0 31.0 33.0 31.0 33.0 19.0 0.0 7.0 0.0 12.0 0.0 5.0
