34 4
0 -0.017932978483387665 0.016195897721778842 -0.01793297848338773 0.01619589772177883
1 -0.013532532939432866 0.015646359706462613 -0.01353253293943292 0.01564635970646263
2 -0.024575437153802844 0.036185191810777895 -0.02457543715380286 0.036185191810777916
3 -0.05083837332957686 0.04039337402710171 -0.05083837332957684 0.04039337402710174
4 -0.08651685275253428 0.09905850750469172 -0.08651685275253423 0.09905850750469172
5 -0.04826131906767234 0.036206204590754944 -0.048261319067672365 0.03620620459075498
6 -0.027127924974175252 0.02031711676330189 -0.027127924974175315 0.02031711676330188
7 -0.0752908957889717 0.08128005886656661 -0.07529089578897176 0.08128005886656663
8 0.028790971507384883 0.0858109197133759 0.02879097150738494 0.08581091971337589
9 -0.03256839296299246 0.027087328639755822 -0.03256839296299241 0.02708732863975583
10 -0.032568392962992423 0.027087328639755825 -0.03256839296299241 0.02708732863975583
11 -0.00925588625086336 0.05455431491709512 -0.009255886250863432 0.05455431491709515
12 0.05664776152352332 0.05812290853058098 0.05664776152352335 0.05812290853058098
13 0.029453243779985094 0.06187752893905406 0.029453243779985067 0.06187752893905407
14 -0.01659547896203139 0.03554645770565763 -0.01659547896203143 0.035546457705657675
15 -0.024724520586636604 0.051787251167204784 -0.02472452058663657 0.051787251167204805
16 0.0870312684242764 0.09705528291852189 0.08703126842427647 0.09705528291852189
17 0.01225627851291668 0.040258288049693225 0.012256278512916661 0.040258288049693225
18 -0.03256839296299245 0.027087328639755836 -0.03256839296299241 0.02708732863975583
19 0.060377776151359336 0.07191271185753269 0.060377776151359364 0.07191271185753266
20 0.028919474809212645 0.02330817392022203 0.028919474809212645 0.023308173920222053
21 -0.020415655175996698 0.03788880776125951 -0.020415655175996684 0.03788880776125951
22 -0.011618968816223256 0.02776787589732835 -0.011618968816223292 0.02776787589732839
23 -0.03256839296299241 0.027087328639755836 -0.03256839296299241 0.02708732863975583
24 0.0468672111812008 0.0469986796649648 0.04686721118120075 0.0469986796649648
25 0.029670245914132348 0.025379438775603936 0.029670245914132337 0.025379438775603926
26 0.029670245914132354 0.02537943877560392 0.029670245914132337 0.025379438775603926
27 0.017517508127136594 0.014577959654100227 0.017517508127136608 0.014577959654100234
28 0.0328827619402348 0.022046048781828812 0.03288276194023477 0.022046048781828833
29 0.03288276194023477 0.022046048781828812 0.032882761940234796 0.02204604878182883
30 0.03021840557162978 0.021051294338334716 0.030218405571629848 0.02105129433833472
31 0.01323717463757166 0.00662274942712043 0.01323717463757165 0.00662274942712043
32 0.030218405571629862 0.021051294338334706 0.03021840557162983 0.02105129433833472
33 -0.032568392962992444 0.027087328639755808 -0.03256839296299241 0.02708732863975583
