34 2
0 0.14645187811883426 0.15645779588940503
1 0.13667708496949488 0.13845970544574773
2 0.1359859866073509 0.0731324294729703
3 0.19750590930045744 0.15467901475619553
4 0.2718570058265585 0.09128048985341575
5 0.18332321423724612 0.12975345150368078
6 0.1284260185102156 0.08633372619401886
7 0.2531310995748795 0.11288701977070552
8 0.008924681163250656 -0.2119088619652954
9 0.11327781756606792 0.05429766218765859
10 0.11327781756606795 0.054297662187658614
11 0.039119551181222914 -0.03412999821985672
12 -0.11410298282027295 -0.316088841360757
13 -0.045723553421257064 -0.20574223742657455
14 0.08092622498471429 -0.0006909375023131634
15 0.12950309993730813 0.10782602567701652
16 -0.2957615050661934 -0.14545299175238952
17 -0.029912367437510697 -0.10678872121764388
18 0.11327781756606795 0.054297662187658614
19 -0.11085271224085032 -0.3527918720100384
20 -0.09821437778059096 -0.16411001399778988
21 0.0679050813434169 -0.050931626681254914
22 0.056030509466101996 -0.044521115828611395
23 0.11327781756606797 0.05429766218765862
24 -0.0891138029893304 -0.24555863573050687
25 -0.09036568162864872 -0.15275425105813523
26 -0.0903656816286487 -0.1527542510581352
27 -0.08521239759326131 -0.051022478161555675
28 -0.34567323487922036 0.31697029027806317
29 -0.34567323487922047 0.31697029027806317
30 -0.26661809679913406 0.18585931941914005
31 -0.28169029515162547 0.31448681419821095
32 -0.2666180967991342 0.18585931941914016
33 0.11327781756606793 0.05429766218765863
