34 2
0 0.15158864026633814 0.10337232177535154
1 0.13886275909607332 0.0806891204828492
2 0.13232024256929575 0.025221057208040326
3 0.18102909650477408 0.10440062822900371
4 0.16656602592258105 0.05382754234139655
5 0.1928924886115941 0.11083115103965403
6 0.18835934009073685 0.09858560059982183
7 0.17339663021509943 0.07509205088143646
8 -0.0004743225187793071 -0.18060087632545818
9 0.17750896440489894 0.07546947625279166
10 0.17750896440489855 0.07546947625279164
11 0.042908126225916825 -0.0426973215812442
12 -0.10840427972544334 -0.2878969967514324
13 -0.04759625165518344 -0.2054396025945201
14 0.09537000072161785 -0.02696296835084257
15 0.10325314068114888 0.053073258994633596
16 -0.1780307864968599 -0.09763602961321093
17 -0.03697947310848717 -0.13180497592566434
18 0.1775089644048987 0.07546947625279189
19 -0.09046258816444482 -0.2899525879672536
20 -0.1505380997983439 -0.22353742957542017
21 0.08786781165222247 -0.0643125838812309
22 0.08653927138961919 -0.07272198970304278
23 0.1775089644048979 0.07546947625279164
24 -0.10299150532060909 -0.26550164201114235
25 -0.14102286635480313 -0.2231088458585365
26 -0.14102286635480338 -0.22310884585853666
27 -0.1834986710770989 -0.10702893644389912
28 -0.2964003376144399 0.3003255634573878
29 -0.2964003376144432 0.3003255634573867
30 -0.2694518607707914 0.1888150794494904
31 -0.31577228862618845 0.38159023381153356
32 -0.2694518607707913 0.1888150794494909
33 0.17750896440489752 0.07546947625279184
