34 2
0 -1.3248989582061768 -0.20162534713745117
1 -1.0258169174194336 -0.5214245915412903
2 -0.8956473469734192 -0.7808060646057129
3 -1.1881802082061768 -0.3054512143135071
4 -1.3848382234573364 -0.09568947553634644
5 -1.4757535457611084 -0.033764950931072235
6 -1.5983400344848633 0.09171154350042343
7 -1.0886937379837036 -0.4361027777194977
8 -0.9954422116279602 -0.7048953771591187
9 -0.7766878008842468 -0.8686462640762329
10 -1.3316068649291992 -0.1819695681333542
11 -1.175174355506897 -0.3491775691509247
12 -1.2644883394241333 -0.29069989919662476
13 -1.0842534303665161 -0.4939459562301636
14 -0.8215497136116028 -0.8968163728713989
15 -0.7247028350830078 -1.0079128742218018
16 -1.3336983919143677 -0.13095366954803467
17 -1.2308558225631714 -0.2617955207824707
18 -0.6643617749214172 -1.1176042556762695
19 -1.102187156677246 -0.39773356914520264
20 -0.9069108366966248 -0.7124264240264893
21 -1.3346205949783325 -0.20822829008102417
22 -0.7539119124412537 -0.9740225672721863
23 -0.7254263162612915 -1.046893835067749
24 -0.7313559651374817 -0.9958683252334595
25 -0.7530010938644409 -1.0682276487350464
26 -0.8311754465103149 -0.8786525726318359
27 -0.808218240737915 -0.8711201548576355
28 -0.7131549119949341 -0.961756706237793
29 -0.6697718501091003 -1.1910998821258545
30 -0.789570689201355 -1.0110219717025757
31 -0.7137026190757751 -1.0053004026412964
32 -0.667685329914093 -1.1890126466751099
33 -0.8210341334342957 -0.9538050889968872
